  0.91601122211133E+00,  0.20525833056472E+00,
  0.91601122207781E+00,  0.19541411396420E-03,
  0.91601122204430E+00,  0.33888501862783E-04,
  0.91601122201078E+00,  0.10881476316772E-04,
  0.91601122197726E+00,  0.42691329047530E-05,
  0.91601122194375E+00,  0.18551293239614E-05,
  0.91601122191023E+00,  0.97829466672345E-06,
  0.91601122187671E+00,  0.83257705442108E-06,
  0.91601122184320E+00,  0.11449323112318E-05,
  0.91601122180968E+00,  0.18494208061100E-05,
  0.91601122177616E+00,  0.29987845346264E-05,
  0.91601122174265E+00,  0.47580984747563E-05,
  0.91601122170913E+00,  0.74557504051706E-05,
  0.91601122167562E+00,  0.11718424258005E-04,
  0.91601122164210E+00,  0.18796363830508E-04,
  0.91601122160858E+00,  0.31412349603664E-04,
  0.91601122157507E+00,  0.56324546929093E-04,
  0.91601122154155E+00,  0.11396070503964E-03,
  0.91601122150803E+00,  0.29015667366923E-03,
  0.91601122147452E+00,  0.13130052905128E-02,
  0.91601122144100E+00,  0.39346400299242E+01,
  0.91601122140748E+00,  0.16392803032903E-02,
  0.91601122137397E+00,  0.45388554183624E-03,
  0.91601122134045E+00,  0.22394837514486E-03,
  0.91601122130693E+00,  0.13974538685265E-03,
  0.91601122127342E+00,  0.99158354836793E-04,
  0.91601122123990E+00,  0.76344993413381E-04,
  0.91601122120638E+00,  0.62237524209514E-04,
  0.91601122117287E+00,  0.52970342759386E-04,
  0.91601122113935E+00,  0.46673404934086E-04,
  0.91601122110584E+00,  0.42368174660928E-04,
  0.91601122107232E+00,  0.39530629209898E-04,
  0.91601122103880E+00,  0.37907938312596E-04,
  0.91601122100529E+00,  0.37454775733684E-04,
  0.91601122097177E+00,  0.38359429186090E-04,
  0.91601122093825E+00,  0.41205826193538E-04,
  0.91601122090474E+00,  0.47506294518523E-04,
  0.91601122087122E+00,  0.61676724542434E-04,
  0.91601122083770E+00,  0.10145509111311E-03,
  0.91601122080419E+00,  0.31981515411920E-03,
  0.91601122077067E+00,  0.20627206360701E+00,
